0  321756 171017 315731 451807 454029 352504 311054 321686 448395 316415 289686 171018 310752
0  321756 315310 316898 315731 310727 280050 310887 311054 318179 86363 137392 328972 316415 321730 321686 315294 310449 317521 263574 502105 315300
0  321756 368056 315731 311326 315297 323347 321757 310664 316415 314574 315300 321746
0  321756 310577 311054 318179 315307 315294 131815 191109 189583 294726 352504 18488 315300 321687 515406 314577 310576 314574 283 310727 315731 311290 310887 321686 294889 316415 515125 311214 276498
0  321756 94969 310447 314672 310577 311054 318179 316643 321725 258327 289493 314575 397616 395479 310562 258897 397617 310450 397795 397796 328973 508437 397797 315300 259230 266206 170216 314574 321730 315293 321687 395480 258328 508438 259231 310449 315731 311290 310887 316877 258329 524203 321686 283806 289494 316415 311205 396251 397804
0  314725 315295 314683 314761 315167 314769 315294 314770 314684 314674 314702 314828 314829 314771 289495 310632 489297 314781 29833 310577 314788 321730 440050 489916 314789 314830 120671 314831 316642 52278 314790 311326 540226 314726 58608 314772 314798 170217 314839 308871 241082 125825 314832 314752 311054 489917 314782 314801 314799 121798 314820 315017 314800 310575 540227 540386 314760 314821 121799 314762 310664 314795 314773 314822 352930 314833 121804 321723 121800 315168 314774 314784 239141 121805 489918 315297 316415 314824 314785 241083 315119 315210 239058 310447 310573 275961 314837 314703 489921 274000 9604 241625 314753 314796 310902 314720 314825 314763 314685 314578 315250 314791 193674 296116 317521 314838 314727 315731 311290 310887 277306 321757 314834 315300 314827 310449 314865 321756 314802 314775 315211 314764 11761 310762 489919 318179 316643 321692 321746 125826 241626 310944 58609 121801 58936 314778 314803 311117 314776 314797 315293 321687 314783 314704 238981 315214 314701 241628 255532 126623 321801 4165 311233 302765 321686 314805 314826 314965 314741 314765 489920
0  120522 239003 120523 321688 310888 315294 7820 132877 309866 274443 132878 315300 311024 310762 273913 49147 18482 246097 311290 239023 471328 251462 258280 203841 246080 287799 9040 122747 3695 311054 148447 321725 246091 137620 321758 164423 310575 175938 419060 132879 281150 279 28453 121966 40665 144761 162792 280129 288094 251421 208303 321723 6756 216366 10614 321760 17592 321782 246084 239027 316415 238973 471458 264060 273914 310447 310734 282662 278426 314574 17594 88361 246096 40649 6 298799 5743 281152 321776 55404 246085 391917 300068 246211 34549 291372 283533 40351 132871 377961 203918 246095 321757 423045 60753 239217 246092 281153 266180 321756 309291 423940 17595 315297 262176 175940 132880 137768 12480 40664 40 216369 310562 378006 44469 310890 321759 239004 357558 315293 249043 239218 209729 239024 321783 132881 40667 471460 382882 315731 302765 310579 321686 249042 249097 378986 315298
0  321756 96087 315731 266586 316415 414255
0  310447 321756 310762 64139 88711 244877 244878 390426 377155 92011 244879 321686 352931 245206 245217 12753 349060 244880 244881 1839 244882 92012 245207 245212 380180 321834 244883 309527 13444 61965 310890 88712 245198 321759 297270 62152 385633 329694 245204 245213 315297 315300 352933 353513 245199 245210 245219 245208 23123 311054 380195 264203 321789 310943 245200 378007 92964 88713 245214 352951 245209 245218 245211 197904 245220 198551 315731 311290 310887 245215 385634 321757 321782 245201 245202 245216 316415 61966 245205 245221 245203 265355
0  321756 330625 311116 315731 310562 315300 512440 310575 311291 316415 329341 315294 321725 311189 507557 316642
0  310626 349906 315295 283561 321756 310573 310762 310631 311054 310580 321710 321688 484178 310579 55543 131815 315294 11759 30363 203537 132257 311351 310562 321724 283 191109 310451 149096 310604 315297 310890 321759 18488 321730 321748 321746 58993 310726 315300 311292 310577 58604 310727 4081 315293 321687 250415 314576 321725 321695 321783 11760 29510 321723 58606 311326 315731 298651 58605 310887 503805 311290 4386 314577 314574 321686 321782 294889 504611 316415 310575 314575 276498
0  321756 297566 310888 353473 347944 352505 311054 348036 513489 356715 199169 392788 321686 374530 348037 197905 321688 392874 147491 321759 197906 340002 359389 315300 75363 75364 197907 321758 199170 15939 359756 314574 183490 281151 310727 291373 198484 315731 297271 356789 198482 297567 310579 321757 311290 316415 198483 348080 310575
0  310447 321756 125466 283561 30363 310573 310762 456576 280 311054 125467 318179 321688 311339 55543 382135 315294 11759 311189 310631 132257 311351 311088 321694 106312 18485 149096 310575 321748 18488 321730 321686 315299 321746 110937 315300 460883 311292 310577 269874 58604 278164 316052 321687 442923 131818 529160 375006 275809 310626 203537 321723 283 318280 316642 315731 298651 58605 310887 531440 4386 314574 321757 311290 315295 310603 316415 310480 310604 276498
0  354595 321756 310576 310692 310449 315731 311326 311214 527422 316415 321730 321748 315294 315307 310633 321746 529642 315300 311351
0  321756 310888 315295 310758 315297 490123 311054 318179 321688 316643 258010 491885 315294 261466 314575 321746 250415 491887 321758 305314 491888 310944 310604 310890 321759 315300 491889 315293 491890 11760 491891 282115 491893 339165 58606 491895 321801 315731 310887 310579 321686 321782 491886 316415 491894 310466 491892
0  321756 504777 315731 504778 356030 504779 505531 504780 505530 505527 505532 505528 505529 504781 505533 316415
0  321756 311235 311054 451594 454030 321686 14853 345663 449062 457415 365321 315300 508429 105902 448430 311232 529643 310715 459031 321789 315303 310727 456577 315731 72841 321757 315304 321738 316415 266179
0  321756 310577 311054 310450 315294 131815 323348 388353 321746 191109 310604 18488 83473 315300 321687 314577 482652 283 310727 315731 310887 321686 262853 294889 316415 276498
0  392789 321756 125466 43894 285462 352505 71595 310450 10615 279428 269875 71596 155553 18488 269355 103539 14668 315300 293940 106062 310577 135510 321687 7621 311054 314577 283 310727 315731 238624 310887 321686 294889 316415 308139 186228 190368 55405 276498
0  294927 321756 310888 456320 315297 310631 311054 310450 321688 188755 315294 131815 310596 348223 454031 321759 18488 190430 321730 315300 316415 311292 310577 321687 321758 314577 283 310727 191109 315731 454044 310887 321686 294729 294889 451808 454045 454046 276498
0  266180 321756 315295 315297 310573 175940 310577 311054 314574 321688 310447 12480 321784 315294 321725 321686 321692 321746 537633 310562 321758 321695 310944 321776 310604 321696 321759 310531 55404 321730 310762 314577 279 470293 310666 311573 354188 311292 310603 321732 537644 315293 321687 310584 310887 321802 310580 314664 321723 315299 259235 290232 310609 321801 315731 10614 321760 321789 321757 249097 316415 251462 315300 310632 314575
0  321756 270220 208304 310577 311054 318179 209210 131815 315294 315307 314575 464310 191109 208305 209211 300069 321730 464328 535717 18488 315300 311292 367560 109053 321687 209212 314577 208306 310576 209208 283 310727 310449 315731 464329 310887 209209 321686 294889 316415 276498 311214 531488 208307
0  476714 125466 18448 152313 310577 125467 321688 30368 315294 315295 310756 295134 817 18457 310632 315300 240867 310762 289974 60759 321724 468942 172030 32031 311054 321758 484177 18485 11574 94867 321687 269874 280 321723 283 321782 30497 4927 316415 310888 310573 314574 321725 127627 11719 106312 18488 58529 12482 110932 276500 288407 468943 165683 321739 314576 60758 4389 311290 310887 321757 266179 276498 321756 315297 12483 152314 284774 20153 310487 382135 321692 321746 310562 191116 310890 308778 321759 2 310578 310726 152500 275809 315731 311233 310579 321686 58262 315298 310575
0  311213 321756 318179 316911
0  249954 321756 315295 183491 310573 310450 310577 13352 43899 321688 315294 131815 321686 314575 321746 269875 329550 191109 122958 310604 315297 476716 526028 18488 307361 236447 315300 58607 179785 315299 270857 315298 274809 254469 4078 352679 544724 315293 321687 321738 11760 311054 314577 63871 310715 311573 321723 283 526088 310727 291373 315303 29506 315731 310887 321791 315304 310579 321757 7624 294889 236448 316415 252666 276498 110957 122959 30260
0  321756 310447 310762 482653 310734 311054 315294 482654 482712 35370 310575 310890 321759 482655 482714 315300 310577 5889 6313 321687 321783 351172 321723 315731 310887 321686 321782 37848 316415 315298
0  321756 368561 368562 315295 388385 310573 310943 370470 255535 323594 357597 374531 329914 311054 357686 368563 315294 105966 321758 326765 314575 334538 310890 366607 321759 310762 334660 378568 315300 334661 326766 334662 333986 321833 378986 321789 323665 310758 321723 334800 366678 315731 321688 310887 340019 357687 321686 321782 266179 278650 310603 316415 334686 374488 310888
0  249954 321756 269875 310577 311054 310450 321688 315294 131815 314575 321746 191109 315297 18488 58607 315300 246211 310578 315293 321687 11760 314577 283 310727 29506 315731 311290 337383 309291 310579 321686 294889 316415 252666 310887 30260 4078 276498
0  321756 273693 310577 311054 310450 315294 131815 119981 191109 18488 315300 349061 321687 314577 283 310727 315731 310887 321686 294889 316415 276498
0  321756 315295 315297 310573 310577 311054 272989 321688 315294 131815 321686 321746 269875 252978 310575 310890 321759 18488 315300 117629 315293 321687 314577 321723 283 310727 191109 315731 310887 321757 321782 294889 310603 316415 276498 310604 354933
0  321756 310888 315297 310762 324016 311054 318179 321688 5818 321784 315731 248124 321686 321725 324105 311234 324017 324106 324018 311290 310450 324107 310605 314575 324019 311417 310756 321759 311571 321723 310943 324108 324094 315300 324020 324098 318359 248125 324103 319415 324099 315293 321758 324090 321789 310521 324092 324093 324100 60393 324102 512960 324091 12342 310729 324095 324096 60394 390427 316877 324097 321757 316415 324104 324101
0  311292 321756 315731 368057 310631 321757 316415 321730 315294 500378 315300
0  321756 386878 315295 310758 315731 310573 310762 58964 311054 321686 11891 316415 315294 321723 314575 315300
0  321756 125466 310447 352505 311054 125467 321688 315294 321686 321746 106312 18485 310604 18488 275809 110932 315300 269874 280 283 315731 310579 321757 316415 310575 276498
0  315295 310577 434459 321688 434460 434559 315294 434560 314575 434461 122958 434602 434603 434555 58607 315300 434567 310759 318359 311024 311232 434608 311216 434568 518751 316642 434592 542998 434462 251462 434609 327219 293808 434463 434464 310575 434593 311371 279 434561 434556 254469 434583 312352 532498 321738 434562 310715 321723 434610 310521 315303 29506 10614 321760 434569 321782 316415 4078 249954 542009 310573 311235 496294 4593 434465 321725 434621 310449 434635 321776 434594 55404 175940 315299 274809 434566 207473 519581 311054 185746 434558 317521 30877 299993 311290 310887 434563 321757 315304 311573 252666 434466 122959 30260 266180 321756 310762 315297 434557 519951 318179 535718 12480 434643 321746 434611 269875 310604 310890 321759 311571 434595 321730 434616 254939 319415 315293 321687 434545 434573 11760 321789 315731 310579 321686 249097 434596 434549 434550 315298
0  321756 315297 260281 311054 318179 260282 260458 315294 321692 260459 519582 314575 260467 296294 311290 310944 310575 310632 519952 315300 321730 346025 260460 260466 519953 260461 314574 310727 315731 321801 260468 310887 316877 321686 316415 310449
0  310447 321756 512096 310449 315731 20339 94161 896 1205 321757 311054 322814 316415 321730 321686 21126 265848 315300
0  398266 125466 148468 125467 519068 321688 315294 315295 314575 310580 148469 521423 521424 148663 4370 315300 321730 147942 5980 487512 4474 521425 147943 148664 397223 147944 521541 148666 148470 148686 148711 11167 316416 148693 521426 311054 248335 148100 18485 43401 310603 269874 398476 147945 43402 106312 122752 30365 310508 321723 310757 398477 321695 367034 148236 275332 148101 311214 274752 281151 310573 280 278426 314574 148084 148085 310574 4388 124234 30318 147490 487513 313543 133479 398267 148086 398500 30366 321739 7455 398478 310449 310887 56916 321757 148679 276498 321756 315297 310762 310487 148237 315307 30367 488013 398479 488014 110933 147375 147946 316415 397471 315293 321687 321783 275809 521540 315731 321686 148667
0  310447 321756 315297 310577 311054 318179 321686 321746 492671 310575 492672 321730 75365 311117 315300 2 311292 354927 493102 321687 493101 493104 314574 10612 15722 310449 315731 311290 310887 493105 493107 316415 310604
0  321756 315731 459671 321757 359087 316415 455341
0  321756 89801 302765 186229 273914 281151 321743 310604 310753 311054 293941 321710 120523 321688 321746 89802 310074 321725 315294 216369 321686 314575 138557 246611 310562 237233 321724 310450 132877 246981 294726 40647 315297 138558 310726 310451 314576 321730 281150 179785 304436 315293 315300 6760 280455 43013 321707 310625 321738 43014 321732 273913 310732 7348 310460 188752 310579 314574 148456 291373 321726 315303 315731 216366 310666 257955 375574 59038 264534 4926 316415 11925 227290 32030 122747 310581 140336 310461
0  310447 321756 125466 315297 310762 275809 311054 125467 281532 315294 321725 311189 310562 106312 18485 381004 310575 136416 139933 110933 321686 315300 280975 269874 311232 321738 310715 321789 279684 136418 280 136952 136950 136419 136953 315303 315731 321688 310887 310579 321757 316415 140896 276498
0  321756 310888 441716 310943 311054 321688 450969 321758 446443 321759 393805 315300 311232 321738 310715 321789 358503 449063 497232 315303 315731 321757 310603 316415
0  310447 310575 125466 18485 315731 10137 106060 275809 311054 125467 321686 321688 316415 360340 53574 280 310579 269874 110930 315300 276498
0  321756 263298 315731 281154 127683 143956 353469 311054 321686 43895 316415 310727 7622 85290 276499
0  321756 315731 310727 352505 311054 146245 321686 283130 316415
0  321756 315297 357071 311054 21735 314574 334731 321757 357788 321831 292439 1579 315300 22495 352503 21736 310727 315731 311290 357317 321686 179953 316415 1580
0  310626 321756 125466 420155 519954 321748 280 311054 125467 318179 321688 321746 315294 321725 321686 311351 310562 106312 18485 310575 315297 310890 321759 18488 321730 311290 110937 315300 460883 311292 310631 269874 428922 275809 314574 283 316642 310727 315731 531440 419404 310579 321757 321782 316415 310604 276498
0  321756 310888 310577 311054 318179 321688 488718 315294 224926 106019 488719 321758 279428 532498 321710 321776 310575 310890 310756 321759 310451 315300 314574 135510 539804 311024 315293 321687 382253 311056 539805 317521 316642 315731 311290 310887 321760 310579 321686 321782 316415 314860 266179 303476
0  321756 310450 316667 315731 342370 315932 316643 316415 310559 321725 424122 318179 316642
1  321756 315298 125466 316453 43894 310573 316635 310577 71595 482182 314576 321688 524028 321725 315294 315307 311189 10615 310562 321723 279428 269875 310451 71596 316417 315297 321710 18488 321730 482188 310726 524029 14668 315300 314671 293940 106062 135510 310727 315293 321687 321738 7621 311054 310762 311056 321789 316637 310630 318179 283 482189 311216 310716 321724 310449 315731 311290 311214 316644 419404 314577 321686 314574 315295 294889 316415 310887 186228 190368 310450 55405 537761 276498
1  315295 321688 162878 315294 314575 287815 317521 45928 537406 310607 315300 128985 9323 311232 311120 311216 279499 249812 537375 537407 316642 311326 311290 10140 311053 542589 311054 311351 321694 301778 512805 310532 311371 135894 310733 8250 310664 321696 321738 480347 311044 310508 321723 515362 311038 310536 111206 316415 46375 311214 542160 537408 311235 314574 310574 321725 542590 310762 537381 508429 542161 512437 311002 315305 321739 314576 542591 310716 311058 321706 537409 315299 277069 321703 321724 310887 321761 311089 315304 311011 310449 310657 321756 310758 315297 321748 310487 318179 382135 321692 321746 311088 310562 310944 310480 315307 318750 321730 311292 270954 310726 321687 315731 321789 542581 310692 480348 321801 261231 310652 537376 321686 311233 249957
1  321756 315298 315295 315297 310573 310762 310577 75360 62354 314576 311055 452930 321725 315294 315307 310653 37849 314575 321692 310562 12814 532497 321688 315301 310944 532496 310575 310890 62355 321723 321759 445193 316875 311371 314985 321730 321686 15218 62359 315305 311117 315293 315300 449455 457953 314578 321706 321687 6314 315731 311054 311216 311056 321789 310759 62356 382464 75361 311038 476715 321801 311290 315308 310887 321724 310652 310726 314574 321757 321782 73777 310603 316415 310449 315302 311214 62358
1  321756 321738 315303 315731 315297 310715 310762 315873 311235 311054 522638 321686 321789 345662 316415 310758 523690 310450 311232
1  321756 315295 532761 310573 310762 311235 311054 310574 318573 532765 315294 315307 481327 311336 132257 111932 310944 310575 94867 318567 311339 317108 321687 481328 311371 310943 321686 467609 315298 315300 311292 508429 315500 311058 316293 311232 317109 318361 311216 321789 532762 317106 481440 321723 359070 310752 311326 321801 315731 311053 310887 311189 321757 271359 532766 532764 316415 311233 266179 467610 311214 276498
1  321756 315298 125466 311214 43894 310573 310762 310577 71595 318179 321688 524028 321725 315294 315307 311189 10615 311088 310562 310763 321723 279428 269875 310451 71596 315297 321710 18488 310488 321730 524029 14668 315300 314671 293940 106062 135510 310727 315293 321687 321738 7621 311054 311216 311056 321789 311120 321739 283 314576 310716 310630 310449 315731 321724 310887 316644 419404 314577 321686 314574 315295 294889 316415 311233 186228 190368 310450 55405 310726 276498
1  321756 125466 310762 311235 311054 315307 543846 353247 315733 316750 311371 311193 315300 316415 502290 310576 311326 311232 321738 382607 502291 517552 310715 311216 315303 315731 311290 321789 321757 517504 311348 276498
1  321756 484646 125466 311214 520822 43894 310573 310762 310450 310577 71595 538523 318179 321739 321725 315294 315307 321686 520823 10615 311088 310562 321723 279428 269875 71596 315297 484647 18488 310488 321730 14668 315300 314671 293940 106062 135510 321687 7621 311054 314577 311120 315298 310887 283 310727 310449 315731 311290 507557 316644 419404 484616 314574 315295 294889 316415 311233 186228 190368 538524 55405 276498
1  315295 258558 310577 58612 321688 162878 315294 314575 287815 45928 310632 299969 315300 94491 314664 9323 311232 311216 279499 249812 269481 311326 321724 310603 10140 311054 4355 310664 321725 311351 321758 541095 315304 512805 310532 208118 311371 135894 8250 286168 321696 321738 258829 310576 321723 515362 311038 315303 258817 111206 316415 311214 310888 542160 310573 311235 314574 315731 321748 103848 315299 508429 542161 30298 512437 311002 321739 314576 11763 311058 321706 315305 321703 311290 310887 321761 301778 266024 311011 310449 321756 138563 310758 315297 310762 310487 280458 382135 315307 321746 321692 321782 310944 310890 321759 318750 321730 104193 311292 311088 310562 270954 310726 321687 310715 321789 310692 321801 261231 310652 321686 258826 311233 310531 249957
1  315295 272681 275334 310577 116824 321710 321688 124236 30302 315294 314575 7821 311416 304305 310930 310632 470293 315300 540468 44470 377156 259235 311569 311326 533717 385137 116817 321724 4341 31024 310603 30215 311348 128618 34956 310672 316453 316416 236449 311054 4355 312538 321758 251461 310451 30264 34910 310726 5850 312353 311554 321723 532330 116852 532434 532435 276204 321782 316415 532329 520056 311214 254946 310888 310573 314574 321725 145805 312688 226923 4368 34908 531487 312788 512437 30216 314576 311212 313978 356019 310752 34911 315731 311290 310887 313105 321757 252666 310449 321756 315297 310762 310450 307362 321692 315307 321746 106081 34909 298900 276900 310944 310890 283020 321759 204041 321730 4608 311292 310578 533007 310562 315293 321687 34958 126719 34961 321754 290232 312789 269875 321801 312790 312791 321686 272692 507557
1  310447 321756 125466 287700 315297 310573 540348 106060 280 162550 125467 314574 321688 315294 315295 106061 314575 540349 321746 311088 310449 321694 18485 540352 310480 310575 507246 436439 507247 321730 540351 315300 269874 315293 311054 310762 321783 275809 311293 321723 311326 507262 315731 311290 310579 321686 316415 311348 317106 315298 310604 276498
1  321756 315295 311214 315297 310573 310762 278568 315362 311054 321686 315301 133394 310574 311326 321692 315307 311038 314575 321746 310449 517044 321724 536465 310756 536460 316875 321730 352508 322287 477274 315305 310726 315300 311292 544858 133395 321706 321687 314578 371512 321833 314576 310653 310944 133416 321723 393605 530006 515826 321801 315731 311290 315308 353472 322144 310652 310667 321757 314574 345251 517938 316415 458984 310887 326250 315302 507557 383403 310576
1  321756 310888 315295 311554 315297 310573 310943 463416 310487 311054 318179 321688 315294 321725 311189 310919 311416 321758 311339 310890 321723 321759 321730 310762 315299 311117 310726 315300 314671 314574 310727 311232 321738 310715 325618 311216 321789 310576 462308 310510 321739 310562 311213 314576 315303 310449 315731 311290 311233 321724 310579 321686 321782 316415 311348 310920 463413 315298 321731
1  310447 321756 310448 55147 315295 10584 310573 310762 55210 55146 311054 318179 310574 410381 315294 315307 321686 314575 321724 410383 315297 410384 498661 321687 310726 55221 321730 55148 55222 55213 315298 315300 2 543034 543035 55219 315293 55214 55224 55223 314576 311212 55215 310508 321723 311213 10612 10613 55216 315731 311290 55218 55220 321757 314574 316415 311348 310887 310449 55217 311214 321731
1  269875 321756 315295 311214 315294 304305 316416 310762 310577 311054 4355 81021 321688 448076 30302 321746 347637 315307 4368 131815 321725 7821 321692 106081 226923 321723 5850 191109 310944 314575 251461 310573 34909 18488 310632 321730 34908 310603 30264 34910 315300 316415 514127 321687 533007 81022 310562 315293 536985 44470 310887 314577 310576 531487 34961 318179 283 532329 321754 34911 310727 532330 315731 321801 532434 532435 321686 294889 315297 17460 310664 34958 310449 34956 310672 34912 318243 276498
1  310447 321756 311235 311054 523983 422404 310944 508429 311038 311232 321738 310715 311216 321789 311326 315303 315731 321801 310887 321686 316415 311040
1  315295 310577 58612 321688 315294 314575 310632 310607 315300 94491 9323 311232 311120 311216 249812 311326 311290 321755 376685 310672 316453 521571 311054 522231 311339 301778 310575 266024 311371 310664 321738 311554 311044 321723 315303 111206 316415 311214 542160 310573 311235 314574 321725 521909 377840 315299 508429 542161 321739 314576 11763 521427 315731 321724 310887 311089 315304 261231 310449 339770 321756 310758 315297 310762 315307 321692 311189 321746 384995 310944 310480 311416 521517 310488 321730 522586 311292 310673 310562 270954 310726 321687 321694 310715 321789 321754 321801 311233 321686
1  321756 310758 316416 310762 352505 311235 311054 536280 315307 314575 321746 512960 516880 5552 311571 321730 515360 311232 315300 310664 318359 513164 319415 315873 321738 310715 311216 321789 310508 311326 315303 310449 315731 311290 33946 313971 321686 316415 33947
1  125466 460812 310933 310577 39129 321688 438902 263413 315294 315295 314575 311193 262299 310930 42652 438920 454600 42657 315300 532771 311232 159607 31021 311088 9948 352805 451110 321724 7002 40670 127749 455966 460884 321694 310575 251461 94867 318362 189802 316875 4606 310726 60757 446924 321738 321706 42655 40671 321723 152368 524717 315303 310653 315308 31050 316415 276498 311214 310888 310573 314574 315301 321725 127627 532496 40672 315305 276500 311038 314578 311054 314576 85917 42654 284795 449412 532497 276523 52097 310449 476715 311290 6923 310887 443167 42658 266179 189650 286645 310447 457305 315297 310762 42659 321692 315307 311189 321746 462328 106081 42656 269875 310944 294726 310604 31020 321730 6575 12749 310562 42653 315293 321687 310715 189789 315731 310652 310579 321686 310480 315302 315298 81270
1  321756 125466 18448 310573 310762 20153 311235 311054 311055 30368 321725 240867 310562 391113 18457 532505 315297 94867 308778 311416 316875 321688 395068 315293 532686 2 288407 508429 532687 165683 311232 321738 817 315295 321789 310732 310576 311554 321723 310752 4389 315303 315731 311290 467423 310579 321686 321839 30497 316415 266179 315300 315298 276498
1  310489 321756 310733 310715 310943 310577 311235 311054 310450 321725 315294 315307 310751 481327 311336 132257 310562 311339 315700 310944 315701 94867 532628 481328 311371 532629 321730 310762 321711 321686 467152 315298 315300 311292 508429 321687 508448 311058 316293 310487 311232 315500 321738 318361 321739 311216 321789 317106 481440 532630 532631 508459 321723 359070 311326 315303 321801 315731 311290 310887 321757 316415 311233 266179 310449 311214 276498
1  315295 321688 236404 315294 314575 310580 352504 262994 310632 124189 315300 23927 23910 311024 311232 311326 23925 523208 311290 311162 2088 23914 321691 311053 23879 307356 311054 23911 23908 84127 321725 310575 63870 23912 310635 321738 23920 6745 310715 523193 321723 275315 23913 311038 315303 321760 23922 23880 40288 523209 316415 311040 310447 310573 23907 23915 314574 310574 522031 23924 23917 321695 321776 311030 286001 315305 23926 310613 321732 321739 314576 321706 315299 315731 23921 321724 310887 321757 321709 310449 23918 321756 23916 315297 310762 310487 318179 321784 23923 321692 311234 311189 310633 321746 311088 321782 310944 310890 321759 321730 13351 23909 310562 310726 321687 23919 321789 316877 310609 157677 321801 311055 311233 310652 310579 321686 315298
1  110841 321756 125466 316453 315297 310573 310762 310577 311054 318179 314879 321688 349280 315294 321692 321686 314575 314669 321746 265546 321723 310450 310944 282953 539117 310890 321759 310632 254733 314574 32088 11721 310727 315293 321687 315295 58532 321783 93148 317521 316642 4963 270825 321801 315731 311290 310887 145666 314577 321757 321782 274423 310603 316415 500277 315300 315298 310604 276498
1  321756 315295 310573 310762 311054 315307 310756 310944 321730 315300 530270 310576 430355 517204 321723 315731 321801 311290 321686 316415 311205 310449 311214
1  321756 315303 315731 310762 311232 311054 310887 321789 316415 375593 315300
1  321756 310758 315297 310762 311235 311054 522638 310450 345662 523690 310729 315299 311232 315300 315873 321738 310715 321789 321723 315303 315731 321686 316415
1  321756 310758 316416 515360 352505 311235 311054 536280 315307 314575 321746 512960 516880 311571 321730 310762 311232 315300 310664 318359 513164 319415 315873 321738 310715 311216 321789 310508 311326 315303 310449 315731 311290 313971 321686 316415
1  321756 143660 310888 315295 282151 310573 310762 310577 454556 321686 314576 321688 143657 315294 315731 143654 314575 143658 311088 310449 321758 311290 311326 143655 315297 439795 321759 143663 143664 310632 321730 143661 311371 321746 315300 314574 525595 143659 310726 321687 311054 311216 454557 454581 321723 143666 321692 143662 321724 507510 321801 544021 310887 310944 143667 321789 310579 321757 316415 310727 310667 143665 315302 315298 310575
1  321756 125466 315297 310573 310762 269372 311054 314574 321688 315294 321692 321686 314575 10615 321746 310449 310944 310575 352504 316875 310632 321730 315298 315300 310577 531271 103590 315293 321687 321738 315295 314577 310715 321723 310727 315303 315731 321801 311290 310887 321757 531277 310603 316415 531276 55405 310604 276498
1  321756 310758 316416 515360 352505 311235 311054 536280 313962 321725 315307 311189 314575 321746 310562 152927 512960 516880 310729 311571 321730 310762 285022 311232 315300 310664 318359 513164 319415 315873 321738 310715 311216 321789 310508 321723 311326 315303 310449 315731 311290 321686 316415
1  310562 85855 315295 304305 321688 30302 315294 314575 132257 7821 311416 310930 310632 310607 315300 310759 318359 9323 44470 298754 249812 311326 311924 85850 311348 34956 310672 316416 311054 4355 312538 321758 251461 534438 30264 34910 310664 5850 312353 203734 311273 310576 311554 321723 532330 532434 532435 321782 513081 532329 311214 263388 310888 310573 314574 321725 312688 226923 4368 310628 531487 312788 311212 313978 311058 34911 315731 311290 310887 313105 321757 310449 318243 276498 321756 315297 310762 513082 328024 315307 321692 321746 106081 34909 195357 269875 310944 310890 321759 132321 311571 321730 296477 311292 533007 319415 315293 321687 34958 34961 321754 312789 34908 321801 312790 312791 321686 534439 34912
1  310447 321756 125466 40670 315297 310573 310762 310577 127749 42659 315301 321688 321692 315294 315307 314575 42658 315293 106081 321694 42656 269875 31020 310739 532496 310575 251461 352504 94867 321723 310726 40672 42652 316875 321730 315305 42657 315298 315300 314574 476715 42653 321706 321687 314578 315295 466538 314576 310653 159607 42655 42654 40671 532497 31021 276523 311038 315302 321724 315731 321801 311290 315308 310887 31050 310944 310652 321686 311054 6923 7002 4606 316415 310480 266179 310449 276498 311214 286645
1  321756 310888 315295 311214 315297 425505 310762 310577 311235 311054 311055 131815 315294 315307 265258 321758 191109 310944 310890 316454 310573 321759 18488 310943 311173 315298 315300 528038 508429 386947 311232 321687 321738 310715 311216 92448 321789 310576 92429 321723 283 531796 310727 315303 315731 321801 311290 310887 316644 92451 314577 311060 321686 321782 294889 316415 92430 276498
1  106315 321756 315295 315297 310762 508682 311054 310447 310574 310734 49314 315294 49315 321725 311336 321746 532713 470419 508723 269875 352504 311235 310943 315298 315300 2 508726 508429 310664 311326 311593 315293 321687 321738 311216 321789 310732 321783 310576 321723 310562 532714 10612 315303 49326 315731 311290 310887 316644 314577 321686 532715 49325 316415 9054 532728 508683
1  321756 280053 315298 125466 321709 127775 315297 310573 310762 311235 127749 314574 321688 310574 110958 315307 321686 321725 311336 311351 536696 106081 310450 269875 310739 314575 251461 352504 94867 311040 311416 321730 310635 321746 286648 315293 315300 316415 310727 311232 321687 321738 311236 466538 321789 314855 159607 310715 311554 159610 270858 321723 310562 276523 311213 311326 536697 315303 310449 315731 479484 537632 311290 310667 321757 311054 315295 315304 479485 310887 266179 286645 311214 137397 276498
1  321756 125466 18448 310573 310762 275809 311235 311054 125467 314574 311055 310664 310579 30368 321688 315294 321725 310631 321746 110936 310562 817 106312 532505 18485 315297 94867 308778 311416 18488 316875 321730 315293 532686 2 288407 508429 532687 20153 269874 165683 311232 321738 4389 315295 310732 321789 18457 321783 310576 311554 280 321723 283 311326 240867 315303 315731 311290 467423 347493 321686 310753 30497 311292 316415 266179 315300 315298 276498
1  315295 311214 304305 41446 310890 321710 321688 30302 315294 314575 30264 321759 310930 310632 310607 248130 315300 26322 310727 9323 44470 311056 311326 311348 316416 311054 4355 312538 2922 321758 310575 310451 248131 7821 514182 5850 312353 248191 311554 248132 321723 321782 312791 310888 310573 314574 249844 248186 321725 312688 226923 4368 310628 315297 531487 312788 6946 524002 312789 41447 311569 311290 310887 313105 248192 310449 318243 321756 470431 310762 248193 248190 315307 321692 248188 310633 321746 310562 34909 310944 248187 311416 321730 266340 520961 311292 533007 315293 321687 248194 347626 315731 533962 313978 321801 311212 312790 533965 95244 321686 248189
1  310447 321756 4646 315295 316453 315297 310573 316635 310577 311235 311054 311018 318179 31098 311019 2962 321725 315307 31107 311336 31108 321746 321692 310562 321723 26361 310944 310575 31099 31100 310488 311371 310762 317569 311059 315300 314574 508429 4647 311326 311232 321687 321738 318361 321739 311216 321789 517191 321706 315305 311038 4649 315303 321801 311290 310887 316644 310738 310652 321686 310664 311214 310657
1  321756 316416 310762 311235 542714 315307 311189 311351 310944 311473 321686 428569 311311 521713 508429 311326 311232 318361 311054 311216 321789 524684 311293 311038 315731 321801 311290 310887 311352 321757 542715 316415 311348 310727 311214 311040
1  321756 528102 125466 517173 310577 311054 310450 348229 315294 10615 321746 279428 269875 421188 18489 421175 284 341467 315300 311292 106062 310631 135510 321730 315293 321687 314577 321783 527213 310727 315731 310887 321686 359087 316415 55405 310604 276498
1  321756 315295 315297 310573 310762 278568 352505 311054 310580 314574 315301 311055 133394 310574 321692 315307 314575 310666 321706 310944 321776 310756 536460 316875 321730 477274 315305 315300 311292 133395 311024 310726 321687 314578 314576 310653 321695 310576 133416 321723 311038 321801 315731 311290 315308 310887 321760 321724 310652 321686 536465 316415 315302
1  125466 310577 71595 321688 315294 315295 314575 311193 315293 321706 43894 310930 42652 310632 8626 15218 146854 315300 106062 10814 310887 311216 159607 30587 60759 31021 310727 321724 7002 283368 190368 55887 47223 40670 127749 311055 314866 321725 10615 321758 71596 310575 251461 94867 189802 316875 311371 55888 14668 238625 293940 466538 314577 42655 40671 321723 283 321692 311038 315308 31046 31050 321782 294889 73777 316415 186228 276498 310888 321756 310573 314574 315301 392788 31045 47224 279428 18488 532496 315297 310726 40672 12482 315305 135510 146855 314578 310652 7621 311054 314576 60758 532497 276523 42657 310630 321801 476715 311290 6923 269828 321757 238626 4606 266179 310449 189650 55405 286645 466584 31047 31049 12483 310762 147055 42659 105098 4475 315307 321686 311088 106081 42656 269875 310944 294726 310890 321759 31020 321730 75360 239213 310562 42653 189231 321687 321694 321789 75361 55942 4607 315731 308234 308140 47233 310480 315302 315298
1  310447 321756 315295 315297 310573 310762 311235 311054 315307 321725 139177 311189 314575 310562 512686 517172 315300 508429 311232 321738 310715 321789 317106 310576 321723 516900 315303 311290 315298 316644 280740 321686 315304 516177 311214
1  310447 321756 315298 310732 315297 310762 311235 311054 314574 311055 129205 321739 310734 427747 310450 310487 272140 523345 115086 315300 115087 404281 311232 401791 321738 404282 311216 321789 321723 315303 315731 311290 115088 401720 321686 277141 316415 311233 375572
1  321756 310888 315297 310762 310631 310450 321688 315294 321746 321758 321695 321759 381100 321730 311593 315293 315300 311292 310664 370469 311024 311232 321738 310605 310715 356404 321789 310580 311326 315303 315731 321760 314577 316415
1  310447 328976 343099 140910 316453 310607 321756 310573 316635 310577 311054 311055 310888 311060 321725 311189 314575 311351 310562 321758 321688 514441 357662 343335 315297 310890 321759 316636 310692 310762 316645 333563 315300 281538 321687 310726 189810 315295 333564 371712 333589 310576 315298 321723 316642 515513 314576 343100 517894 315731 321724 310887 343345 329013 321686 321782 316415 294726 316637 314671 507557 316417 321748
1  321756 315295 316453 311053 310573 316635 310577 311054 314576 321688 311216 315307 321686 310508 515359 310944 316417 310890 352504 321759 316875 311371 321723 175517 15218 310603 315300 517504 75360 321687 321730 310727 310726 513487 314578 380157 516042 310762 321789 73777 516415 75361 516416 311326 321801 315731 311290 315308 310887 321724 321757 321782 311089 291191 315297 316415 310449 315302 315298 311040
1  321756 310888 315295 310447 353864 310762 310577 310734 311054 314574 513539 315307 310889 321686 321758 531443 321688 310890 321759 316416 321730 311232 315300 531480 315873 321687 321738 310715 321789 315298 310630 310508 321723 526293 315303 310449 315731 311290 311055 310887 321757 321782 315304 316415 311348 311214
1  321756 315295 315297 310573 310762 311054 314574 311055 531204 315307 531205 310575 315300 311232 321738 310715 321789 317106 463148 321723 310727 315303 315731 311290 310887 316644 311060 321686 316415 366480 531210
1  321756 280053 315298 125466 321709 127775 315297 310573 310762 311235 127749 314574 321688 310574 110958 315307 321686 321725 311336 311351 536696 106081 310450 269875 310739 314575 251461 352504 94867 311040 311416 321730 310635 321746 286648 315293 315300 316415 310727 311232 321687 321738 311236 466538 321789 314855 159607 310715 311554 159610 270858 321723 310562 276523 311213 311326 536697 315303 310449 315731 479484 537632 311290 310667 321757 311054 315295 315304 479485 310887 266179 286645 311214 137397 276498
